"a" "b" "c" "id"
"1" 0.27621 -2.73099 0 1
"2" 0.31521 -2.88989 0 2
"3" 0.36868 -0.32641 0 3
"4" 0.39917 -0.90949 0 4
"5" 0.41902 -1.49854 0 5
"6" 0.42114 -2.5669 0 6
"7" 0.42704 -1.82726 0 7
"8" 0.43371 -0.42921 0 8
"9" 0.4435 -0.57695 0 9
"10" 0.44921 -1.18822 0 10
"11" 0.45714 -1.30406 0 11
"12" 0.45933 -1.89727 0 12
"13" 0.46458 -2.36186 0 13
"14" 0.48124 -0.08887 0 14
"15" 0.50399 0.44637 0 15
"16" 0.50966 -1.03287 0 16
"17" 0.51206 -1.42971 0 17
"18" 0.51303 -0.91899 0 18
"19" 0.51767 -2.58684 0 19
"20" 0.52092 -0.22859 0 20
"21" 0.53723 -1.60049 0 21
"22" 0.54533 -0.34476 0 22
"23" 0.55066 0.11062 0 23
"24" 0.55128 0.32415 0 24
"25" 0.56093 1.52685 0 25
"26" 0.56571 -2.11435 0 26
"27" 0.56614 -1.80035 0 27
"28" 0.57454 -0.0133 0 28
"29" 0.57704 -1.04392 0 29
"30" 0.587 0.00579 0 30
"31" 0.58803 -1.64512 0 31
"32" 0.58856 0.40038 0 32
"33" 0.59184 0.07449 0 33
"34" 0.60385 1.7952 0 34
"35" 0.60474 -0.11779 0 35
"36" 0.6055 -1.83197 0 36
"37" 0.60756 -0.94448 0 37
"38" 0.60915 1.08586 0 38
"39" 0.61182 -1.46896 0 39
"40" 0.61812 -0.14342 0 40
"41" 0.62357 -1.05064 0 41
"42" 0.62373 -0.48631 0 42
"43" 0.6246 1.37829 0 43
"44" 0.62559 0.48661 0 44
"45" 0.62965 0.51225 0 45
"46" 0.62992 0.10546 0 46
"47" 0.63619 -0.75896 0 47
"48" 0.63687 -1.48202 0 48
"49" 0.63809 -2.12494 0 49
"50" 0.64036 0.57166 0 50
"51" 0.64224 2.42835 0 51
"52" 0.64527 1.25664 0 52
"53" 0.64544 -0.9772 0 53
"54" 0.6481 -0.79157 0 54
"55" 0.65132 0.77761 0 55
"56" 0.65709 1.28386 0 56
"57" 0.65772 -0.4143 0 57
"58" 0.65932 0.98127 0 58
"59" 0.66162 -0.45231 0 59
"60" 0.66266 -0.64716 0 60
"61" 0.6632 3.27694 0 61
"62" 0.66388 0.53317 0 62
"63" 0.66677 -1.83221 0 63
"64" 0.67214 0.6722 0 64
"65" 0.67379 0.01871 0 65
"66" 0.67432 -0.9465 0 66
"67" 0.68085 -0.80576 0 67
"68" 0.68469 0.84975 0 68
"69" 0.68497 -1.97243 0 69
"70" 0.68864 -0.71928 0 70
"71" 0.69299 -0.09649 0 71
"72" 0.69318 -2.09397 0 72
"73" 0.69357 0.32515 0 73
"74" 0.69613 -2.08616 0 74
"75" 0.69781 -0.56933 0 75
"76" 0.70087 -0.182 0 76
"77" 0.70159 -0.28338 0 77
"78" 0.70196 -1.22521 0 78
"79" 0.70331 -0.74797 0 79
"80" 0.70493 0.35048 0 80
"81" 0.70506 0.07364 0 81
"82" 0.7098 -0.06652 0 82
"83" 0.71143 0.73053 0 83
"84" 0.71297 -0.19355 0 84
"85" 0.71446 0.2614 0 85
"86" 0.71624 -0.85472 0 86
"87" 0.71702 -0.97729 0 87
"88" 0.71816 -0.48631 0 88
"89" 0.72005 1.18658 0 89
"90" 0.72183 0.7104 0 90
"91" 0.72399 1.04983 0 91
"92" 0.72422 0.6696 0 92
"93" 0.72437 -0.27418 0 93
"94" 0.72443 -1.24247 0 94
"95" 0.72469 -0.17629 0 95
"96" 0.72897 0.49653 0 96
"97" 0.7312 0.01973 0 97
"98" 0.73473 0.02975 0 98
"99" 0.73552 1.58866 0 99
"100" 0.73765 1.3738 0 100
"101" 0.73928 -0.57017 0 101
"102" 0.73997 0.48416 0 102
"103" 0.74216 -3.10639 0 103
"104" 0.74246 1.05754 0 104
"105" 0.7432 -1.52152 0 105
"106" 0.74427 0.35068 0 106
"107" 0.74533 0.96403 0 107
"108" 0.74754 0.4721 0 108
"109" 0.74786 1.18269 0 109
"110" 0.74923 0.43769 0 110
"111" 0.74947 -1.28217 0 111
"112" 0.74991 -1.30908 0 112
"113" 0.75124 -1.13941 0 113
"114" 0.75422 -0.43966 0 114
"115" 0.75585 -0.31227 0 115
"116" 0.75658 -1.56611 0 116
"117" 0.75912 -0.98607 0 117
"118" 0.75942 -0.73663 0 118
"119" 0.75986 0.04122 0 119
"120" 0.76083 -1.77462 0 120
"121" 0.76131 0.21858 0 121
"122" 0.76203 -1.16929 0 122
"123" 0.76285 -0.73326 0 123
"124" 0.76542 -0.82981 0 124
"125" 0.76593 1.6572 0 125
"126" 0.76702 -0.70248 0 126
"127" 0.769 -0.79335 0 127
"128" 0.77192 0.30298 0 128
"129" 0.77418 0.00058 0 129
"130" 0.77429 0.36753 0 130
"131" 0.77577 0.93617 0 131
"132" 0.77866 -1.39095 0 132
"133" 0.78009 -0.58049 0 133
"134" 0.78011 1.1014 0 134
"135" 0.78117 -1.63424 0 135
"136" 0.786 1.60953 0 136
"137" 0.78709 0.95542 0 137
"138" 0.78871 -0.65852 0 138
"139" 0.79364 -1.71372 0 139
"140" 0.79511 -0.78607 0 140
"141" 0.79737 0.35898 0 141
"142" 0.79737 -0.36486 0 142
"143" 0.79803 2.27147 0 143
"144" 0.79842 -0.8955 0 144
"145" 0.80137 -1.97308 0 145
"146" 0.8025 -0.45347 0 146
"147" 0.80466 1.27389 0 147
"148" 0.81223 -0.29205 0 148
"149" 0.81326 -0.74667 0 149
"150" 0.81486 1.02408 0 150
"151" 0.81711 -1.87809 0 151
"152" 0.82071 -0.46263 0 152
"153" 0.82116 -0.68807 0 153
"154" 0.82231 0.40968 0 154
"155" 0.8236 1.49731 0 155
"156" 0.82911 0.37898 0 156
"157" 0.82948 0.21244 0 157
"158" 0.82971 0.18114 0 158
"159" 0.83438 -0.33536 0 159
"160" 0.83468 -0.09928 0 160
"161" 0.83635 -0.89151 0 161
"162" 0.83685 0.30417 0 162
"163" 0.83775 -1.04249 0 163
"164" 0.83892 0.18839 0 164
"165" 0.84059 0.32119 0 165
"166" 0.84337 -0.06542 0 166
"167" 0.84489 -0.95205 0 167
"168" 0.84586 -1.30147 0 168
"169" 0.8464 -1.46169 0 169
"170" 0.84713 -0.04828 0 170
"171" 0.84754 -1.00585 0 171
"172" 0.8497 -0.48481 0 172
"173" 0.85058 -1.47124 0 173
"174" 0.85276 0.587 0 174
"175" 0.85321 -0.96019 0 175
"176" 0.85539 1.45271 0 176
"177" 0.85605 -0.19271 0 177
"178" 0.85609 0.07259 0 178
"179" 0.85803 -0.93979 0 179
"180" 0.85915 0.2288 0 180
"181" 0.86197 2.00798 0 181
"182" 0.86394 1.07351 0 182
"183" 0.86528 -0.03711 0 183
"184" 0.86742 0.20412 0 184
"185" 0.86752 -0.75675 0 185
"186" 0.86916 -0.98294 0 186
"187" 0.87243 -0.54028 0 187
"188" 0.87365 -0.62032 0 188
"189" 0.87368 -1.32539 0 189
"190" 0.87616 -0.25631 0 190
"191" 0.87712 -0.60972 0 191
"192" 0.87881 -0.96 0 192
"193" 0.87958 0.65048 0 193
"194" 0.8841 0.93138 0 194
"195" 0.88624 -0.51515 0 195
"196" 0.88887 2.03151 0 196
"197" 0.88994 -0.77792 0 197
"198" 0.89007 -0.57313 0 198
"199" 0.89045 0.48211 0 199
"200" 0.89184 -0.99964 0 200
"201" 0.89248 -0.09974 0 201
"202" 0.89303 0.30748 0 202
"203" 0.8936 -1.36773 0 203
"204" 0.89363 -0.30222 0 204
"205" 0.89472 -2.17084 0 205
"206" 0.89557 0.19336 0 206
"207" 0.89593 -0.07816 0 207
"208" 0.89643 1.01783 0 208
"209" 0.89655 0.16676 0 209
"210" 0.90035 -0.98192 0 210
"211" 0.90199 0.61321 0 211
"212" 0.90202 -1.36332 0 212
"213" 0.90296 -1.67133 0 213
"214" 0.90388 -0.71442 0 214
"215" 0.90539 1.17711 0 215
"216" 0.9054 -0.04697 0 216
"217" 0.90807 0.07159 0 217
"218" 0.91082 1.0338 0 218
"219" 0.91167 -0.07673 0 219
"220" 0.91938 1.4431 0 220
"221" 0.92156 -1.22073 0 221
"222" 0.92398 0.00489 0 222
"223" 0.92415 -1.14971 0 223
"224" 0.92455 -0.15825 0 224
"225" 0.92545 0.26424 0 225
"226" 0.92579 -0.00232 0 226
"227" 0.92631 -1.11267 0 227
"228" 0.92806 -0.20209 0 228
"229" 0.92809 0.94444 0 229
"230" 0.93082 0.43146 0 230
"231" 0.93129 -0.99881 0 231
"232" 0.93337 -0.13889 0 232
"233" 0.93594 -1.78402 0 233
"234" 0.93935 -0.88193 0 234
"235" 0.94138 -0.29044 0 235
"236" 0.94162 -0.13171 0 236
"237" 0.94315 0.02026 0 237
"238" 0.94557 -0.72835 0 238
"239" 0.94792 -0.40182 0 239
"240" 0.94863 0.34587 0 240
"241" 0.95018 -1.2415 0 241
"242" 0.95205 -0.77683 0 242
"243" 0.95207 0.03882 0 243
"244" 0.95241 1.32547 0 244
"245" 0.95241 -0.49909 0 245
"246" 0.95419 0.47516 0 246
"247" 0.95442 0.36283 0 247
"248" 0.95494 -0.76354 0 248
"249" 0.95625 0.35421 0 249
"250" 0.95995 0.08668 0 250
"251" 0.96169 -0.76368 0 251
"252" 0.96254 0.37065 0 252
"253" 0.96537 0.03035 0 253
"254" 0.96616 -0.63982 0 254
"255" 0.96734 -0.4165 0 255
"256" 0.96741 0.38768 0 256
"257" 0.96745 0.14018 0 257
"258" 0.96775 1.80375 0 258
"259" 0.96807 0.1413 0 259
"260" 0.97041 -0.88726 0 260
"261" 0.97084 0.27071 0 261
"262" 0.971 0.71983 0 262
"263" 0.97306 -1.10607 0 263
"264" 0.9744 -0.31101 0 264
"265" 0.97685 -0.45605 0 265
"266" 0.97715 1.673 0 266
"267" 0.97884 -0.63418 0 267
"268" 0.99224 -0.76807 0 268
"269" 0.99549 0.25055 0 269
"270" 0.99595 0.78885 0 270
"271" 0.9974 0.78775 0 271
"272" 0.99864 -1.05272 0 272
"273" 0.99891 0.41484 0 273
"274" 0.99894 -0.20765 0 274
"275" 0.99941 0.73197 0 275
"276" 1.00046 0.34671 0 276
"277" 1.00175 -1.11532 0 277
"278" 1.00446 -0.49727 0 278
"279" 1.00486 0.78504 0 279
"280" 1.00551 -0.7385 0 280
"281" 1.00653 0.32481 0 281
"282" 1.00694 -0.16275 0 282
"283" 1.00772 0.32676 0 283
"284" 1.00865 0.34393 0 284
"285" 1.00882 0.2724 0 285
"286" 1.01157 -0.22611 0 286
"287" 1.01245 1.38628 0 287
"288" 1.0125 -1.08034 0 288
"289" 1.0133 1.68658 0 289
"290" 1.01589 -0.30373 0 290
"291" 1.01972 0.88115 0 291
"292" 1.02047 -0.12497 0 292
"293" 1.02176 2.18266 0 293
"294" 1.02474 -0.17563 0 294
"295" 1.02485 -0.84906 0 295
"296" 1.02773 0.42744 0 296
"297" 1.02938 -0.60622 0 297
"298" 1.0299 1.66729 0 298
"299" 1.03204 0.31595 0 299
"300" 1.03429 0.19435 0 300
"301" 1.03482 -0.88051 0 301
"302" 1.03488 0.76953 0 302
"303" 1.03526 -1.04175 0 303
"304" 1.03646 1.10223 0 304
"305" 1.03709 -0.31363 0 305
"306" 1.03989 -0.28632 0 306
"307" 1.04257 0.26126 0 307
"308" 1.04316 1.36916 0 308
"309" 1.04388 -0.86963 0 309
"310" 1.04611 -0.28199 0 310
"311" 1.04639 -0.33288 0 311
"312" 1.04856 -0.54552 0 312
"313" 1.04906 1.06512 0 313
"314" 1.04974 -1.52361 0 314
"315" 1.05057 0.00721 0 315
"316" 1.0513 -0.42485 0 316
"317" 1.05182 -0.8574 0 317
"318" 1.05456 1.03397 0 318
"319" 1.05496 1.42573 0 319
"320" 1.0581 -0.00517 0 320
"321" 1.0591 0.68194 0 321
"322" 1.06017 -0.72733 0 322
"323" 1.06156 0.84807 0 323
"324" 1.06184 -0.21481 0 324
"325" 1.07413 1.56668 0 325
"326" 1.07616 0.47717 0 326
"327" 1.07678 0.33468 0 327
"328" 1.07703 0.10821 0 328
"329" 1.07761 -1.80093 0 329
"330" 1.08299 1.89548 0 330
"331" 1.08317 1.63723 0 331
"332" 1.08505 0.08778 0 332
"333" 1.09337 1.16408 0 333
"334" 1.09601 0.42023 0 334
"335" 1.09679 0.61871 0 335
"336" 1.09805 -0.83985 0 336
"337" 1.09942 1.0668 0 337
"338" 1.09982 1.26498 0 338
"339" 1.10158 -0.58981 0 339
"340" 1.10398 -0.49798 0 340
"341" 1.10462 1.38519 0 341
"342" 1.10558 0.78994 0 342
"343" 1.10676 -0.17799 0 343
"344" 1.10679 -0.9526 0 344
"345" 1.10842 0.89103 0 345
"346" 1.1107 1.27411 0 346
"347" 1.11255 1.19001 0 347
"348" 1.11338 0.42592 0 348
"349" 1.11736 -0.30639 0 349
"350" 1.11888 1.16307 0 350
"351" 1.11959 -0.50071 0 351
"352" 1.1216 1.02455 0 352
"353" 1.1236 0.3912 0 353
"354" 1.12474 -0.73273 0 354
"355" 1.12488 0.27889 0 355
"356" 1.12497 1.1333 0 356
"357" 1.12657 -0.82319 0 357
"358" 1.12844 -0.21977 0 358
"359" 1.12903 -0.30619 0 359
"360" 1.12935 -0.62206 0 360
"361" 1.136 1.22973 0 361
"362" 1.13916 -0.71778 0 362
"363" 1.13954 0.36462 0 363
"364" 1.1423 0.71781 0 364
"365" 1.14715 0.03379 0 365
"366" 1.14957 0.38003 0 366
"367" 1.15086 0.45872 0 367
"368" 1.15132 0.80285 0 368
"369" 1.15296 0.85819 0 369
"370" 1.15505 1.60428 0 370
"371" 1.15745 -0.65879 0 371
"372" 1.16006 0.68809 0 372
"373" 1.16201 0.72768 0 373
"374" 1.16387 2.15363 0 374
"375" 1.16436 -0.4441 0 375
"376" 1.16479 -2.03831 0 376
"377" 1.17025 0.45691 0 377
"378" 1.17244 1.98058 0 378
"379" 1.17343 -0.57232 0 379
"380" 1.17439 0.86955 0 380
"381" 1.17484 0.33833 0 381
"382" 1.17495 0.07962 0 382
"383" 1.17917 0.07272 0 383
"384" 1.1812 0.63956 0 384
"385" 1.18369 0.01594 0 385
"386" 1.18585 0.70105 0 386
"387" 1.1866 1.13169 0 387
"388" 1.18843 -0.70224 0 388
"389" 1.19111 2.0942 0 389
"390" 1.19237 0.89363 0 390
"391" 1.19394 -1.48922 0 391
"392" 1.19578 1.10008 0 392
"393" 1.19668 1.02917 0 393
"394" 1.19743 0.33261 0 394
"395" 1.19768 1.59843 0 395
"396" 1.20329 1.07946 0 396
"397" 1.21324 1.18658 0 397
"398" 1.21359 1.07058 0 398
"399" 1.215 0.36699 0 399
"400" 1.21588 -0.89073 0 400
"401" 1.22248 0.17149 0 401
"402" 1.22305 0.48354 0 402
"403" 1.22525 0.92805 0 403
"404" 1.22544 -0.25279 0 404
"405" 1.22969 -0.45593 0 405
"406" 1.22999 0.36537 0 406
"407" 1.23016 -0.52638 0 407
"408" 1.23127 -0.33204 0 408
"409" 1.24041 1.17914 0 409
"410" 1.2409 1.04773 0 410
"411" 1.25076 1.10857 0 411
"412" 1.25393 1.45423 0 412
"413" 1.25473 0.08062 0 413
"414" 1.25574 0.23806 0 414
"415" 1.26135 0.58128 0 415
"416" 1.26231 0.48931 0 416
"417" 1.2634 1.21517 0 417
"418" 1.26475 0.93608 0 418
"419" 1.26571 0.65009 0 419
"420" 1.26671 -0.73878 0 420
"421" 1.27051 1.44295 0 421
"422" 1.27334 -0.02437 0 422
"423" 1.27343 1.19607 0 423
"424" 1.27464 1.1593 0 424
"425" 1.2753 -0.35556 0 425
"426" 1.27587 -0.64162 0 426
"427" 1.27674 0.74174 0 427
"428" 1.28114 0.01821 0 428
"429" 1.29251 1.23662 0 429
"430" 1.29281 1.21683 0 430
"431" 1.29348 1.86568 0 431
"432" 1.29751 0.57419 0 432
"433" 1.316 0.146 0 433
"434" 1.31617 0.8492 0 434
"435" 1.31955 0.50102 0 435
"436" 1.32055 1.19612 0 436
"437" 1.32331 1.19216 0 437
"438" 1.32913 0.79736 0 438
"439" 1.32984 0.75319 0 439
"440" 1.33222 -0.27204 0 440
"441" 1.33263 0.87751 0 441
"442" 1.33435 0.04162 0 442
"443" 1.33703 0.25385 0 443
"444" 1.34186 1.01535 0 444
"445" 1.34958 1.30612 0 445
"446" 1.35178 0.73469 0 446
"447" 1.35376 0.9669 0 447
"448" 1.35405 1.83897 0 448
"449" 1.3578 1.30575 0 449
"450" 1.36419 2.80659 0 450
"451" 1.37054 -0.28484 0 451
"452" 1.37897 -0.29022 0 452
"453" 1.37958 1.37586 0 453
"454" 1.3803 0.73362 0 454
"455" 1.38065 1.04566 0 455
"456" 1.38523 0.56324 0 456
"457" 1.39333 1.08813 0 457
"458" 1.3998 0.11137 0 458
"459" 1.4003 1.69203 0 459
"460" 1.40192 0.42905 0 460
"461" 1.40653 0.86942 0 461
"462" 1.41056 1.22209 0 462
"463" 1.41128 1.25652 0 463
"464" 1.41749 0.66969 0 464
"465" 1.41949 0.69764 0 465
"466" 1.42178 0.89213 0 466
"467" 1.42291 1.87379 0 467
"468" 1.42758 0.83223 0 468
"469" 1.42802 1.76377 0 469
"470" 1.42828 1.61676 0 470
"471" 1.42861 -0.08912 0 471
"472" 1.43369 -0.22055 0 472
"473" 1.43791 1.31769 0 473
"474" 1.44087 0.48118 0 474
"475" 1.44132 1.23891 0 475
"476" 1.44219 0.21237 0 476
"477" 1.44523 0.28994 0 477
"478" 1.44539 1.26809 0 478
"479" 1.44539 0.30776 0 479
"480" 1.44643 1.89597 0 480
"481" 1.44921 -0.33478 0 481
"482" 1.45224 0.68886 0 482
"483" 1.45712 1.12053 0 483
"484" 1.45784 -0.01277 0 484
"485" 1.46132 0.60928 0 485
"486" 1.46481 1.24984 0 486
"487" 1.46563 1.32141 0 487
"488" 1.46694 0.06837 0 488
"489" 1.47996 1.6871 0 489
"490" 1.48996 1.60928 0 490
"491" 1.49113 1.82883 0 491
"492" 1.49727 1.27719 0 492
"493" 1.50331 1.87422 0 493
"494" 1.50471 0.07086 0 494
"495" 1.52183 1.03067 0 495
"496" 1.52575 0.59442 0 496
"497" 1.52959 2.11105 0 497
"498" 1.53661 0.05585 0 498
"499" 1.56058 0.52643 0 499
"500" 1.57307 -0.43593 0 500
"501" 1.57335 0.2532 0 501
"502" 1.57633 0.26569 0 502
"503" 1.57736 0.75119 0 503
"504" 1.57802 -0.07064 0 504
"505" 1.58695 0.66976 0 505
"506" 1.58866 0.96359 0 506
"507" 1.58902 1.62654 0 507
"508" 1.59435 -0.02943 0 508
"509" 1.59504 0.35539 0 509
"510" 1.6033 0.48843 0 510
"511" 1.60853 1.24613 0 511
"512" 1.6108 0.86587 0 512
"513" 1.6115 1.52619 0 513
"514" 1.6185 0.14869 0 514
"515" 1.64151 1.06067 0 515
"516" 1.65746 1.46579 0 516
"517" 1.66834 1.10476 0 517
"518" 1.6694 1.2413 0 518
"519" 1.67058 0.29855 0 519
"520" 1.68587 0.60927 0 520
"521" 1.69205 0.41494 0 521
"522" 1.69855 1.14464 0 522
"523" 1.70347 1.82976 0 523
"524" 1.70405 2.16407 0 524
"525" 1.70722 -0.19829 0 525
"526" 1.70943 1.69273 0 526
"527" 1.7347 1.26149 0 527
"528" 1.73596 1.36634 0 528
"529" 1.74144 -0.06707 0 529
"530" 1.78303 2.19797 0 530
"531" 1.78654 0.69423 0 531
"532" 1.80547 0.86724 0 532
"533" 1.81282 1.20636 0 533
"534" 1.81475 1.67474 0 534
"535" 1.81604 -0.18815 0 535
"536" 1.82156 1.52109 0 536
"537" 1.83756 1.33108 0 537
"538" 2.03087 2.26385 0 538
"539" 2.14946 0.90274 0 539
"540" 2.31661 1.98795 0 540
